----------
2.1 	3
2.2 	2
2.3 	2
2.4 	2
2.25 	1
4.26 	3
4.27 	2
4.28 	2
4.29 	2
4.30 	2
---------- 21
5.2	2
5.3	1
5.4	1/2
5.5	2
5.7	1
5.9	1
5.10	1
5.11	1
5.12	4
5.13	1
5.14	2
5.15	1
5.16	1
5.17	2
---------- 21
5.25	2
5.26	1
5.27	1
5.28	1
5.29	1
6.1	2
6.2	1
6.4	1
6.5	1
6.6	1
6.8	1
6.9	1
6.10	1
6.11	1
6.12	1
6.13	1
6.15	3
---------- 21
6.16	1
6.21	1
6.22	1
6.27	1
6.30	1
---------- 5
7.1	1
7.3	1
7.4	1
7.7	2
7.9	1
7.11	1
7.14	1
7.17	1
7.21	2
7.22	1
---------- 12
8.4	1
8.5	1
8.10	1
8.12	1
8.19	1
9.3	1
9.21-10.8	8
10.10	1
10.12	1
10.14	1
10.16	1
10.19	1
10.21	1
10.25	1
10.28	1
11.2	1
---------- 23
12.11	1
12.12	1
12.13	1
12.16	1
12.18	1
12.19	1
12.25	1
---------- 7
1.3	1